# Number Mra   Mdec  Mclass
1    5.5755472222222 22.014472222222 1   
2    21.557502777778 -0.82330555555556 4   
3    13.703119444444 28.392111111111 4   
4    16.393169444444 -26.525527777778 4   
5    15.309375 2.0826944444444 4   
6    17.668333333333 -32.216666666667 3   
7    17.898333333333 -34.816666666667 3   
8    18.060277777778 -24.386666666667 1   
9    17.319938888889 -18.51625 4   
10    16.952497222222 -4.0993333333333 4   
11    18.851666666667 -6.2666666666667 3   
12    16.787366666667 -1.9478055555556 4   
13    16.694844444444 36.46025 4   
14    17.626708333333 -3.2459166666667 4   
15    21.49955 12.166833333333 4   
16    18.313333333333 -13.783333333333 1   
17    18.340555555556 -16.176666666667 1   
18    18.331666666667 -17.133333333333 3   
19    17.043802777778 -26.267944444444 4   
20    18.039722222222 -23.03 1   
21    18.076666666667 -22.5 3   
22    18.606725 -23.903388888889 4   
23    17.946666666667 -19.016666666667 3   
24    18.306666666667 -18.416666666667 3   
25    18.526666666667 -19.25 3   
26    18.753333333333 -9.4 3   
27    19.993427777778 22.721055555556 1   
28    18.409136111111 -24.869833333333 4   
29    20.398888888889 38.523055555556 3   
30    21.672786111111 -23.179055555556 4   
31    0.71230833333333 41.267888888889 2   
32    0.71163055555556 40.865888888889 2   
33    1.5641722222222 30.660194444444 2   
34    2.7 42.783333333333 3   
35    6.1483333333333 24.333333333333 3   
36    5.6033333333333 34.14 3   
37    5.8719444444444 32.553333333333 3   
38    5.4786111111111 35.855 3   
39    21.536666666667 48.433333333333 3   
40    12.373333333333 58.083333333333 3   
41    6.7816666666667 -20.733333333333 3   
42    5.6214722222222 -5.3911111111111 1   
43    5.5919444444444 -5.27 1   
44    8.6733333333333 19.666666666667 3   
45    3.7833333333333 24.116666666667 3   
46    7.6966666666667 -14.816666666667 3   
47    7.61 -14.5 3   
48    8.23 -5.8 3   
49    12.496322222222 7.9999722222222 2   
50    7.0466666666667 -8.3766666666667 3   
51    13.497880555556 47.194666666667 2   
52    23.403333333333 61.583333333333 3   
53    13.215361111111 18.169166666667 4   
54    18.917577777778 -30.4785 4   
55    19.6665 -30.962083333333 4   
56    19.276527777778 30.1845 4   
57    18.8931 33.028666666667 1   
58    12.628861111111 11.818333333333 2   
59    12.700663888889 11.645861111111 2   
60    12.727830555556 11.552472222222 2   
61    12.365286111111 4.4746388888889 2   
62    17.020166666667 -30.112361111111 4   
63    13.263702777778 42.029277777778 2   
64    12.945522222222 21.683361111111 2   
65    11.315494444444 13.092305555556 2   
66    11.337519444444 12.989333333333 2   
67    8.855 11.833333333333 3   
68    12.657780555556 -26.743027777778 4   
69    18.523119444444 -32.347972222222 4   
70    18.720177777778 -32.291888888889 4   
71    19.896141666667 18.778416666667 4   
72    20.891086111111 -12.537055555556 4   
73    20.983333333333 -12.633333333333 3   
74    1.6116222222222 15.783222222222 2   
75    20.101319444444 -21.921166666667 4   
76    1.7055277777778 51.576111111111 1   
77    2.7113416666667 -0.013444444444444 2   
78    5.7796388888889 0.013888888888889 1   
79    5.4029416666667 -24.52425 4   
80    16.284030555556 -22.975111111111 4   
81    9.9258805555556 69.065305555556 2   
82    9.9311638888889 69.680222222222 2   
83    13.616883333333 -29.866277777778 2   
84    12.417705555556 12.886972222222 2   
85    12.423397222222 18.190805555556 2   
86    12.436722222222 12.945694444444 2   
87    12.513727777778 12.391111111111 2   
88    12.53315 14.420388888889 2   
89    12.594444444444 12.556361111111 2   
90    12.613911111111 13.162694444444 2   
91    12.590675 14.496333333333 2   
92    17.285352777778 43.136527777778 4   
93    7.7433333333333 -23.866666666667 3   
94    12.848072222222 41.120444444444 2   
95    10.732694444444 11.703527777778 2   
96    10.779383333333 11.8195 2   
97    11.246527777778 55.020555555556 1   
98    12.230102777778 14.899444444444 2   
99    12.313755555556 14.416777777778 2   
100    12.381930555556 15.822083333333 2   
101    14.053466666667 54.348694444444 2   
102    15.108188888889 55.763111111111 2   
103    1.5533333333333 60.7 3   
104    12.666508333333 -11.623055555556 2   
105    10.797152777778 12.581833333333 2   
106    12.315983333333 47.303972222222 2   
107    16.542197222222 -13.053638888889 4   
108    11.192025 55.675277777778 2   
109    11.959972222222 53.376388888889 2   
110    0.67286111111111 41.685833333333 2   
